fb = zeros(40,257);
fb(1,2) =  1.3496;
fb(1,3) =  1.3530;
fb(2,3) =  0.6470;
fb(1,4) =  0.1039;
fb(2,4) =  1.8961;
fb(2,5) =  0.8995;
fb(3,5) =  1.1005;
fb(3,6) =  1.7369;
fb(4,6) =  0.2631;
fb(3,7) =  0.6132;
fb(4,7) =  1.3868;
fb(4,8) =  1.5259;
fb(5,8) =  0.4741;
fb(4,9) =  0.4727;
fb(5,9) =  1.5273;
fb(5,10) = 1.4515;
fb(6,10) = 0.5485;
fb(5,11) = 0.4605;
fb(6,11) = 1.5395;
fb(6,12) = 1.4979;
fb(7,12) = 0.5021;
fb(6,13) = 0.5621;
fb(7,13) = 1.4379;
fb(7,14) = 1.6517;
fb(8,14) = 0.3483;
fb(7,15) = 0.7654;
fb(8,15) = 1.2346;
fb(8,16) = 1.9018;
fb(9,16) = 0.0982;
fb(8,17) = 1.0599;
fb(9,17) = 0.9401;
fb(8,18) = 0.2386;
fb(9,18) = 1.7614;
fb(9,19) = 1.4369;
fb(10,19) = 0.5631;
fb(9,20) = 0.6539;
fb(10,20) = 1.3461;
fb(10,21) = 1.8887;
fb(11,21) = 0.1113;
fb(10,22) = 1.1406;
fb(11,22) = 0.8594;
fb(10,23) = 0.4088;
fb(11,23) = 1.5912;
fb(11,24) = 1.6927;
fb(12,24) = 0.3073;
fb(11,25) = 0.9914;
fb(12,25) = 1.0086;
fb(11,26) = 0.3045;
fb(12,26) = 1.6955;
fb(12,27) = 1.6314;
fb(13,27) = 0.3686;
fb(12,28) = 0.9716;
fb(13,28) = 1.0284;
fb(12,29) = 0.3244;
fb(13,29) = 1.6756;
fb(13,30) = 1.6895;
fb(14,30) = 0.3105;
fb(13,31) = 1.0663;
fb(14,31) = 0.9337;
fb(13,32) = 0.4545;
fb(14,32) = 1.5455;
fb(14,33) = 1.8537;
fb(15,33) = 0.1463;
fb(14,34) = 1.2634;
fb(15,34) = 0.7366;
fb(14,35) = 0.6834;
fb(15,35) = 1.3166;
fb(14,36) = 0.1132;
fb(15,36) = 1.8868;
fb(15,37) = 1.5525;
fb(16,37) = 0.4475;
fb(15,38) = 1.0010;
fb(16,38) = 0.9990;
fb(15,39) = 0.4584;
fb(16,39) = 1.5416;
fb(16,40) = 1.9245;
fb(17,40) = 0.0755;
fb(16,41) = 1.3989;
fb(17,41) = 0.6011;
fb(16,42) = 0.8814;
fb(17,42) = 1.1186;
fb(16,43) = 0.3718;
fb(17,43) = 1.6282;
fb(17,44) = 1.8697;
fb(18,44) = 0.1303;
fb(17,45) = 1.3751;
fb(18,45) = 0.6249;
fb(17,46) = 0.8877;
fb(18,46) = 1.1123;
fb(17,47) = 0.4072;
fb(18,47) = 1.5928;
fb(18,48) = 1.9336;
fb(19,48) = 0.0664;
fb(18,49) = 1.4665;
fb(19,49) = 0.5335;
fb(18,50) = 1.0058;
fb(19,50) = 0.9942;
fb(18,51) = 0.5513;
fb(19,51) = 1.4487;
fb(18,52) = 0.1030;
fb(19,52) = 1.8970;
fb(19,53) = 1.6605;
fb(20,53) = 0.3395;
fb(19,54) = 1.2238;
fb(20,54) = 0.7762;
fb(19,55) = 0.7927;
fb(20,55) = 1.2073;
fb(19,56) = 0.3671;
fb(20,56) = 1.6329;
fb(20,57) = 1.9467;
fb(21,57) = 0.0533;
fb(20,58) = 1.5316;
fb(21,58) = 0.4684;
fb(20,59) = 1.1216;
fb(21,59) = 0.8784;
fb(20,60) = 0.7165;
fb(21,60) = 1.2835;
fb(20,61) = 0.3162;
fb(21,61) = 1.6838;
fb(21,62) = 1.9207;
fb(22,62) = 0.0793;
fb(21,63) = 1.5297;
fb(22,63) = 0.4703;
fb(21,64) = 1.1433;
fb(22,64) = 0.8567;
fb(21,65) = 0.7612;
fb(22,65) = 1.2388;
fb(21,66) = 0.3835;
fb(22,66) = 1.6165;
fb(21,67) = 0.0099;
fb(22,67) = 1.9901;
fb(22,68) = 1.6405;
fb(23,68) = 0.3595;
fb(22,69) = 1.2751;
fb(23,69) = 0.7249;
fb(22,70) = 0.9136;
fb(23,70) = 1.0864;
fb(22,71) = 0.5560;
fb(23,71) = 1.4440;
fb(22,72) = 0.2021;
fb(23,72) = 1.7979;
fb(23,73) = 1.8520;
fb(24,73) = 0.1480;
fb(23,74) = 1.5054;
fb(24,74) = 0.4946;
fb(23,75) = 1.1624;
fb(24,75) = 0.8376;
fb(23,76) = 0.8228;
fb(24,76) = 1.1772;
fb(23,77) = 0.4867;
fb(24,77) = 1.5133;
fb(23,78) = 0.1539;
fb(24,78) = 1.8461;
fb(24,79) = 1.8243;
fb(25,79) = 0.1757;
fb(24,80) = 1.4980;
fb(25,80) = 0.5020;
fb(24,81) = 1.1748;
fb(25,81) = 0.8252;
fb(24,82) = 0.8547;
fb(25,82) = 1.1453;
fb(24,83) = 0.5376;
fb(25,83) = 1.4624;
fb(24,84) = 0.2234;
fb(25,84) = 1.7766;
fb(25,85) = 1.9122;
fb(26,85) = 0.0878;
fb(25,86) = 1.6039;
fb(26,86) = 0.3961;
fb(25,87) = 1.2983;
fb(26,87) = 0.7017;
fb(25,88) = 0.9955;
fb(26,88) = 1.0045;
fb(25,89) = 0.6954;
fb(26,89) = 1.3046;
fb(25,90) = 0.3980;
fb(26,90) = 1.6020;
fb(25,91) = 0.1032;
fb(26,91) = 1.8968;
fb(26,92) = 1.8109;
fb(27,92) = 0.1891;
fb(26,93) = 1.5212;
fb(27,93) = 0.4788;
fb(26,94) = 1.2339;
fb(27,94) = 0.7661;
fb(26,95) = 0.9491;
fb(27,95) = 1.0509;
fb(26,96) = 0.6667;
fb(27,96) = 1.3333;
fb(26,97) = 0.3866;
fb(27,97) = 1.6134;
fb(26,98) = 0.1089;
fb(27,98) = 1.8911;
fb(27,99) = 1.8334;
fb(28,99) = 0.1666;
fb(27,100) = 1.5602;
fb(28,100) = 0.4398;
fb(27,101) = 1.2892;
fb(28,101) = 0.7108;
fb(27,102) = 1.0203;
fb(28,102) = 0.9797;
fb(27,103) = 0.7536;
fb(28,103) = 1.2464;
fb(27,104) = 0.4890;
fb(28,104) = 1.5110;
fb(27,105) = 0.2264;
fb(28,105) = 1.7736;
fb(28,106) = 1.9659;
fb(29,106) = 0.0341;
fb(28,107) = 1.7074;
fb(29,107) = 0.2926;
fb(28,108) = 1.4509;
fb(29,108) = 0.5491;
fb(28,109) = 1.1963;
fb(29,109) = 0.8037;
fb(28,110) = 0.9437;
fb(29,110) = 1.0563;
fb(28,111) = 0.6929;
fb(29,111) = 1.3071;
fb(28,112) = 0.4440;
fb(29,112) = 1.5560;
fb(28,113) = 0.1969;
fb(29,113) = 1.8031;
fb(29,114) = 1.9516;
fb(30,114) = 0.0484;
fb(29,115) = 1.7081;
fb(30,115) = 0.2919;
fb(29,116) = 1.4663;
fb(30,116) = 0.5337;
fb(29,117) = 1.2263;
fb(30,117) = 0.7737;
fb(29,118) = 0.9880;
fb(30,118) = 1.0120;
fb(29,119) = 0.7514;
fb(30,119) = 1.2486;
fb(29,120) = 0.5164;
fb(30,120) = 1.4836;
fb(29,121) = 0.2830;
fb(30,121) = 1.7170;
fb(29,122) = 0.0513;
fb(30,122) = 1.9487;
fb(30,123) = 1.8211;
fb(31,123) = 0.1789;
fb(30,124) = 1.5926;
fb(31,124) = 0.4074;
fb(30,125) = 1.3655;
fb(31,125) = 0.6345;
fb(30,126) = 1.1400;
fb(31,126) = 0.8600;
fb(30,127) = 0.9160;
fb(31,127) = 1.0840;
fb(30,128) = 0.6935;
fb(31,128) = 1.3065;
fb(30,129) = 0.4724;
fb(31,129) = 1.5276;
fb(30,130) = 0.2528;
fb(31,130) = 1.7472;
fb(30,131) = 0.0346;
fb(31,131) = 1.9654;
fb(31,132) = 1.8179;
fb(32,132) = 0.1821;
fb(31,133) = 1.6025;
fb(32,133) = 0.3975;
fb(31,134) = 1.3885;
fb(32,134) = 0.6115;
fb(31,135) = 1.1758;
fb(32,135) = 0.8242;
fb(31,136) = 0.9645;
fb(32,136) = 1.0355;
fb(31,137) = 0.7545;
fb(32,137) = 1.2455;
fb(31,138) = 0.5458;
fb(32,138) = 1.4542;
fb(31,139) = 0.3384;
fb(32,139) = 1.6616;
fb(31,140) = 0.1323;
fb(32,140) = 1.8677;
fb(32,141) = 1.9274;
fb(33,141) = 0.0726;
fb(32,142) = 1.7238;
fb(33,142) = 0.2762;
fb(32,143) = 1.5214;
fb(33,143) = 0.4786;
fb(32,144) = 1.3202;
fb(33,144) = 0.6798;
fb(32,145) = 1.1202;
fb(33,145) = 0.8798;
fb(32,146) = 0.9214;
fb(33,146) = 1.0786;
fb(32,147) = 0.7238;
fb(33,147) = 1.2762;
fb(32,148) = 0.5273;
fb(33,148) = 1.4727;
fb(32,149) = 0.3319;
fb(33,149) = 1.6681;
fb(32,150) = 0.1377;
fb(33,150) = 1.8623;
fb(33,151) = 1.9447;
fb(34,151) = 0.0553;
fb(33,152) = 1.7527;
fb(34,152) = 0.2473;
fb(33,153) = 1.5618;
fb(34,153) = 0.4382;
fb(33,154) = 1.3720;
fb(34,154) = 0.6280;
fb(33,155) = 1.1832;
fb(34,155) = 0.8168;
fb(33,156) = 0.9955;
fb(34,156) = 1.0045;
fb(33,157) = 0.8089;
fb(34,157) = 1.1911;
fb(33,158) = 0.6233;
fb(34,158) = 1.3767;
fb(33,159) = 0.4387;
fb(34,159) = 1.5613;
fb(33,160) = 0.2551;
fb(34,160) = 1.7449;
fb(33,161) = 0.0725;
fb(34,161) = 1.9275;
fb(34,162) = 1.8909;
fb(35,162) = 0.1091;
fb(34,163) = 1.7103;
fb(35,163) = 0.2897;
fb(34,164) = 1.5306;
fb(35,164) = 0.4694;
fb(34,165) = 1.3519;
fb(35,165) = 0.6481;
fb(34,166) = 1.1742;
fb(35,166) = 0.8258;
fb(34,167) = 0.9973;
fb(35,167) = 1.0027;
fb(34,168) = 0.8214;
fb(35,168) = 1.1786;
fb(34,169) = 0.6465;
fb(35,169) = 1.3535;
fb(34,170) = 0.4724;
fb(35,170) = 1.5276;
fb(34,171) = 0.2992;
fb(35,171) = 1.7008;
fb(34,172) = 0.1270;
fb(35,172) = 1.8730;
fb(35,173) = 1.9556;
fb(36,173) = 0.0444;
fb(35,174) = 1.7850;
fb(36,174) = 0.2150;
fb(35,175) = 1.6154;
fb(36,175) = 0.3846;
fb(35,176) = 1.4465;
fb(36,176) = 0.5535;
fb(35,177) = 1.2786;
fb(36,177) = 0.7214;
fb(35,178) = 1.1114;
fb(36,178) = 0.8886;
fb(35,179) = 0.9451;
fb(36,179) = 1.0549;
fb(35,180) = 0.7796;
fb(36,180) = 1.2204;
fb(35,181) = 0.6150;
fb(36,181) = 1.3850;
fb(35,182) = 0.4511;
fb(36,182) = 1.5489;
fb(35,183) = 0.2880;
fb(36,183) = 1.7120;
fb(35,184) = 0.1257;
fb(36,184) = 1.8743;
fb(36,185) = 1.9642;
fb(37,185) = 0.0358;
fb(36,186) = 1.8035;
fb(37,186) = 0.1965;
fb(36,187) = 1.6435;
fb(37,187) = 0.3565;
fb(36,188) = 1.4843;
fb(37,188) = 0.5157;
fb(36,189) = 1.3258;
fb(37,189) = 0.6742;
fb(36,190) = 1.1681;
fb(37,190) = 0.8319;
fb(36,191) = 1.0112;
fb(37,191) = 0.9888;
fb(36,192) = 0.8549;
fb(37,192) = 1.1451;
fb(36,193) = 0.6994;
fb(37,193) = 1.3006;
fb(36,194) = 0.5446;
fb(37,194) = 1.4554;
fb(36,195) = 0.3905;
fb(37,195) = 1.6095;
fb(36,196) = 0.2371;
fb(37,196) = 1.7629;
fb(36,197) = 0.0844;
